   3.5636243068   -0.6553946319    2.3444896161
   3.2917513353   -3.6494099415    0.5258362682
   4.2315602749   -3.2929874243    0.5258362682
   3.5636243068   -0.6553946319   -1.2928170798
   2.2019749047   -0.3816854183    2.5394776424
   3.2519749047   -0.3816854183    2.2581309904
   1.1519749047   -0.3816854183    2.2581309904
   3.2519749047   -0.3816854183   -1.3791757055
   2.2019749047   -0.3816854183   -1.6605223576
   2.5654489887    0.8848011681    2.7153141355
   3.0904489887    1.7941278420    2.4339674835
   1.5154489887    0.8848011681    2.4339674835
   3.0904489887   -0.0245255059    2.4339674835
   3.3209448929    2.5391064418   -0.4346858645
   3.6154489887    0.8848011681   -1.2033392124
   3.0904489887    1.7941278420   -1.2033392124
   2.5654489887    0.8848011681   -1.4846858645
   1.5903633878    1.7483478906    2.5744167052
   2.1153633878    2.6576745646    2.2930700532
   1.0653633878    2.6576745646    2.2930700532
   0.5403633878    1.7483478906    2.2930700532
   1.0653633878    0.8390212166    2.2930700532
   3.1203119418    2.7315861233    1.5244167052
   2.3458592920    3.4026531644    1.5244167052
   1.3315420307    3.5484899698    1.5244167052
   2.7832993560    3.4766140090    0.4744167052
   1.8434904164    3.8330365262    0.4744167052
   3.1203119418    2.7315861233   -0.5755832948
   2.3458592920    3.4026531644   -0.5755832948
   1.3315420307    3.5484899698   -0.5755832948
   2.6403633878    1.7483478906   -1.3442366427
   2.1153633878    2.6576745646   -1.3442366427
   1.0653633878    2.6576745646   -1.3442366427
   1.5903633878    1.7483478906   -1.6255832948
   0.5223491243    0.9812600305    2.2874187644
  -0.0026508757    1.8905867045    2.0060721123
  -0.5276508757    0.9812600305    2.0060721123
   1.5723491243    0.9812600305   -1.6312345836
   1.0473491243    1.8905867045   -1.6312345836
   0.5223491243    0.9812600305   -1.9125812356
   0.8490760486   -0.3353032492    2.2542811920
  -0.2009239514   -0.3353032492    1.9729345400
   0.3240760486   -1.2446299232    1.9729345400
   1.8990760486   -0.3353032492   -1.6643721559
   1.3740760486   -1.2446299232   -1.6643721559
   0.8490760486   -0.3353032492   -1.9457188080
  -0.0985804786   -1.3718877085    1.9723535193
  -0.6235804786   -0.4625610345    1.6910068672
  -1.1485804786   -1.3718877085    1.6910068672
  -0.6235804786   -2.2812143825    1.6910068672
   0.9514195214   -1.3718877085   -1.9462998287
   0.4264195214   -0.4625610345   -1.9462998287
  -0.0985804786   -1.3718877085   -2.2276464807
   0.1393726236   -2.5492478444    1.7918698436
  -0.8406273764   -2.5492478444    1.5292796351
  -0.3506273764   -3.3979527402    1.5292796351
   0.6293726236   -3.3979527402    1.5292796351
  -1.2338607440   -3.5469602869    0.8118698436
  -0.3851558483   -4.1635804874    0.8118698436
   0.6639010956   -4.1635804874    0.8118698436
   1.5126059913   -3.5469602869    0.8118698436
  -0.8406273764   -4.2466576359   -0.1681301564
   0.1393726236   -4.5092478444   -0.1681301564
   1.1193726236   -4.2466576359   -0.1681301564
   1.8367824151   -3.5292478444   -0.1681301564
  -0.3851558483   -4.1635804874   -1.1481301564
   0.6639010956   -4.1635804874   -1.1481301564
   1.5126059913   -3.5469602869   -1.1481301564
   1.1193726236   -2.5492478444   -1.8655399478
  -0.8406273764   -2.5492478444   -1.8655399478
  -0.3506273764   -3.3979527402   -1.8655399478
   0.6293726236   -3.3979527402   -1.8655399478
   0.1393726236   -2.5492478444   -2.1281301564
  -1.3727761024   -0.8530407538    1.7409154651
  -2.4227761024   -0.8530407538    1.4595688131
  -1.8977761024   -1.7623674277    1.4595688131
  -0.3227761024   -0.8530407538   -2.1777378828
  -0.8477761024   -1.7623674277   -2.1777378828
  -1.3727761024   -0.8530407538   -2.4590845349
  -1.7324629103    0.4907914151    1.7690546770
  -2.2574629103    1.4001180891    1.4877080249
  -2.7824629103    0.4907914151    1.4877080249
  -0.6824629103    0.4907914151   -2.1495986710
  -1.2074629103    1.4001180891   -2.1495986710
  -1.7324629103    0.4907914151   -2.4309453230
  -2.8623776710    0.8283593658    1.4149578370
  -3.3523776710    1.6770642615    1.1523676285
  -3.8423776710    0.8283593658    1.1523676285
  -3.3523776710   -0.0203455299    1.1523676285
  -4.2356110387    1.8260718083    0.4349578370
  -4.5597874624    0.8283593658    0.4349578370
  -4.2356110387   -0.1693530767    0.4349578370
  -3.8423776710    2.5257691572   -0.5450421630
  -4.5597874624    1.8083593658   -0.5450421630
  -4.8223776710    0.8283593658   -0.5450421630
  -4.5597874624   -0.1516406342   -0.5450421630
  -3.3869061430    2.4426920088   -1.5250421630
  -4.2356110387    1.8260718083   -1.5250421630
  -4.5597874624    0.8283593658   -1.5250421630
  -4.2356110387   -0.1693530767   -1.5250421630
  -2.3723776710    1.6770642615   -2.2424519544
  -3.3523776710    1.6770642615   -2.2424519544
  -3.8423776710    0.8283593658   -2.2424519544
  -3.3523776710   -0.0203455299   -2.2424519544
  -2.8623776710    0.8283593658   -2.5050421630
  -0.7550623804    1.4122260731    2.0487025298
  -1.8050623804    1.4122260731    1.7673558778
  -1.2800623804    0.5028993991    1.7673558778
   0.2949376196    1.4122260731   -1.8699508181
  -0.2300623804    2.3215527470   -1.8699508181
  -0.2300623804    0.5028993991   -1.8699508181
  -0.7550623804    1.4122260731   -2.1512974702
  -0.0728386479    2.8230790553    1.7995746287
  -1.3816600050    4.6232211344    1.0309212808
  -1.8675089107    4.7866131649   -0.0190787192
  -0.3673427437    4.4773843290   -1.0690787192
  -0.0728386479    2.8230790553   -1.8377320672
  -1.9367701237   -2.6924935856    1.1553020298
  -4.0336426948   -3.1757244940   -0.6633513182
  -3.6527347899   -3.1576134053   -1.7133513182
  -1.4117701237   -1.7831669117   -2.4820046661
  -1.9367701237   -2.6924935856   -2.4820046661
   2.2356171080   -3.4765375516    0.1026189584
   3.3119552896   -3.6663250134    0.1026189584
   4.6322795291   -2.0928238576   -0.9356781427
   2.2356171080   -3.4765375516   -0.9356781427
   3.3119552896   -3.6663250134   -0.9356781427
   4.2584712015   -3.1198537969   -0.9356781427
   4.0219838056   -2.0928238576   -1.7756781427
   3.3396524435   -1.1536753071   -1.7756781427
   2.2356171080   -1.5123981329   -1.7756781427
   2.2356171080   -2.6732495823   -1.7756781427
   3.3396524435   -3.0319724082   -1.7756781427
   3.0345045817   -2.0928238576   -2.0965295921
   4.0460868774   -1.2532606230    2.4443321978
   5.0335661013   -1.2532606230    2.1234807484
   4.3512347392   -0.3141120725    2.1234807484
   4.3512347392   -2.1924091736    2.1234807484
   5.6438618248   -1.2532606230    1.2834807484
   5.2700534972   -0.2262306838    1.2834807484
   5.2700534972   -2.2802905623    1.2834807484
   5.6438618248   -1.2532606230    0.2451836473
   5.2700534972   -0.2262306838    0.2451836473
   5.2700534972   -2.2802905623    0.2451836473
   5.0335661013   -1.2532606230   -0.5948163527
   4.3512347392   -0.3141120725   -0.5948163527
   2.6699538374   -2.2256658526    2.9766832996
   3.6574330612   -2.2256658526    2.6558318501
   2.9751016991   -1.2865173020    2.6558318501
   1.8710663637   -1.6452401278    2.6558318501
   1.8710663637   -2.8060915773    2.6558318501
   2.9751016991   -3.1648144031    2.6558318501
   1.1685365096   -1.6791946361    1.8158318501
   1.1685365096   -2.7721370691    1.8158318501
   1.8710663637   -3.6093795465    1.8158318501
   2.9474045453   -3.7991670083    1.8158318501
   3.8939204571   -3.2526957918    1.8158318501
   1.8710663637   -3.6093795465    0.7775347490
   2.9474045453   -3.7991670083    0.7775347490
   3.5749321620    1.1554097449    2.5312933285
   4.5624113859    1.1554097449    2.2104418791
   3.8800800238    2.0945582954    2.2104418791
   3.8800800238    0.2162611943    2.2104418791
   5.1727071094    1.1554097449    1.3704418791
   4.7988987818    2.1824396841    1.3704418791
   3.8523828699    2.7289109006    1.3704418791
   4.7988987818    0.1283798056    1.3704418791
   5.1727071094    1.1554097449    0.3321447780
   4.7988987818    2.1824396841    0.3321447780
   3.8523828699    2.7289109006    0.3321447780
   4.5624113859    1.1554097449   -0.5078552220
   3.8800800238    2.0945582954   -0.5078552220
  -1.8802560062    2.9916275881    2.4132995054
  -0.8927767824    2.9916275881    2.0924480559
  -1.5751081445    3.9307761386    2.0924480559
  -2.6791434799    3.5720533128    2.0924480559
  -2.6791434799    2.4112018634    2.0924480559
  -1.5751081445    2.0524790375    2.0924480559
  -1.6028052983    4.5651287438    1.2524480559
  -2.6791434799    4.3753412820    1.2524480559
  -3.3816733340    3.5380988046    1.2524480559
  -3.3816733340    2.4451563716    1.2524480559
  -2.6791434799    1.6079138941    1.2524480559
  -2.6791434799    4.3753412820    0.2141509548
  -3.3816733340    3.5380988046    0.2141509548
  -0.2373332851    3.3908896508    1.8944921333
   0.7501459387    3.3908896508    1.5736406838
   0.0678145766    4.3300382014    1.5736406838
   0.9866333347    4.4179195901    0.7336406838
   0.0401174228    4.9643908066    0.7336406838
   0.9866333347    4.4179195901   -0.3046564173
   0.0401174228    4.9643908066   -0.3046564173
   0.7501459387    3.3908896508   -1.1446564173
   0.0678145766    4.3300382014   -1.1446564173
  -2.3133744363    4.5098215978   -0.4606450447
  -3.0159042903    3.6725791203   -0.4606450447
  -0.2905203428    4.1531378431   -1.4989421458
  -1.2370362546    4.6996090596   -1.4989421458
  -2.3133744363    4.5098215978   -1.4989421458
  -3.0159042903    3.6725791203   -1.4989421458
  -3.0159042903    2.5796366873   -1.4989421458
  -0.5270077387    3.1261079038   -2.3389421458
  -1.2093391008    4.0652564544   -2.3389421458
  -2.3133744363    3.7065336286   -2.3389421458
  -2.3133744363    2.5456821791   -2.3389421458
  -1.2093391008    2.1869593533   -2.3389421458
  -1.5144869626    3.1261079038   -2.6597935952
  -2.8549172282   -3.3595806194    0.7045301624
  -1.7508818928   -3.7183034452    0.7045301624
  -2.8549172282   -4.1628685886   -0.1354698376
  -1.7785790466   -4.3526560504   -0.1354698376
  -2.8549172282   -4.1628685886   -1.1737669387
  -1.7785790466   -4.3526560504   -1.1737669387
  -1.0685505307   -2.7791548947   -2.0137669387
  -2.8549172282   -3.3595806194   -2.0137669387
  -1.7508818928   -3.7183034452   -2.0137669387
  -3.2428208550   -1.6899764679    1.7575297444
  -2.2553416311   -1.6899764679    1.4366782950
  -2.9376729932   -0.7508279173    1.4366782950
  -4.0417083287   -1.1095507431    1.4366782950
  -4.0417083287   -2.2704021926    1.4366782950
  -2.9376729932   -2.6291250184    1.4366782950
  -4.0417083287   -0.3062627739    0.5966782950
  -4.7442381827   -1.1435052514    0.5966782950
  -4.7442381827   -2.2364476844    0.5966782950
  -4.0417083287   -3.0736901618    0.5966782950
  -4.7442381827   -1.1435052514   -0.4416188061
  -4.7442381827   -2.2364476844   -0.4416188061
  -4.3798679234   -1.0099340354   -1.1150483063
  -3.6773380694   -0.1726915580   -2.1533454074
  -4.3798679234   -1.0099340354   -2.1533454074
  -4.3798679234   -2.1028764685   -2.1533454074
  -3.6773380694   -2.9401189459   -2.1533454074
  -1.8909713718   -1.5564052519   -2.9933454074
  -2.5733027339   -0.6172567014   -2.9933454074
  -3.6773380694   -0.9759795272   -2.9933454074
  -3.6773380694   -2.1368309767   -2.9933454074
  -2.5733027339   -2.4955538025   -2.9933454074
  -2.8784505957   -1.5564052519   -3.3141968569
   4.0799452807   -1.5647213059    2.6881615511
   3.5592847937   -0.6629108890    2.6881615511
   4.4974825727   -3.3940717096    1.0598865097
   4.4974825727   -3.3940717096   -0.0082139733
   4.9150198647   -1.5647213059   -0.9705392563
   4.6171486989   -0.5502652776   -0.9705392563
   3.5592847937   -0.6629108890   -1.6364890148
   2.2019749047   -0.3816854183    2.8394776424
   1.1606539308   -0.3816854183    2.6018029254
   3.2432958786   -0.3816854183   -1.7228476405
   2.2019749047   -0.3816854183   -1.9605223576
   2.5654489887    0.8848011681    3.0153141355
   3.6067699626    0.8848011681    2.7776394185
   3.0861094756    1.7866115849    2.7776394185
   1.5241280148    0.8848011681    2.7776394185
   3.0861094756   -0.0170092488    2.7776394185
   3.3449318738    2.5916306035    2.1116896600
   4.4418445466    0.8848011681   -0.8810613889
   4.1439733808    1.8992571964   -0.8810613889
   3.6067699626    0.8848011681   -1.5470111474
   3.0861094756    1.7866115849   -1.5470111474
   2.5654489887    0.8848011681   -1.7846858645
   1.5903633878    1.7483478906    2.8744167052
   2.1110238748    2.6501583075    2.6367419882
   1.0697029009    2.6501583075    2.6367419882
   0.5490424139    1.7483478906    2.6367419882
   1.0697029009    0.8465374737    2.6367419882
   2.3698462729    3.4551773260    1.9707922297
   1.3233244575    3.6056444473    1.9707922297
   3.0492216537    3.5776982943    1.0084669467
   2.1110238748    4.0295105321    1.0084669467
   3.0492216537    3.5776982943   -0.0596335363
   2.1110238748    4.0295105321   -0.0596335363
   3.1688877799    2.7628039189   -1.0219588192
   2.3698462729    3.4551773260   -1.0219588192
   1.3233244575    3.6056444473   -1.0219588192
   2.6316843617    1.7483478906   -1.6879085777
   2.1110238748    2.6501583075   -1.6879085777
   1.0697029009    2.6501583075   -1.6879085777
   1.5903633878    1.7483478906   -1.9255832948
   0.5223491243    0.9812600305    2.5874187644
   0.0016886373    1.8830704474    2.3497440473
  -0.5189718496    0.9812600305    2.3497440473
   1.5636700982    0.9812600305   -1.9749065186
   1.0430096112    1.8830704474   -1.9749065186
   0.5223491243    0.9812600305   -2.2125812356
   0.8490760486   -0.3353032492    2.5542811920
  -0.1922449253   -0.3353032492    2.3166064750
   0.3284155617   -1.2371136661    2.3166064750
   1.8903970225   -0.3353032492   -2.0080440910
   0.8490760486   -0.3353032492   -2.2457188080
  -0.0985804786   -1.3718877085    2.2723535193
  -1.1399014525   -1.3718877085    2.0346788022
  -0.6192409656   -2.2736981254    2.0346788022
   0.9427404952   -1.3718877085   -2.2899717637
   0.4220800083   -0.4700772916   -2.2899717637
  -0.6192409656   -2.2736981254   -2.2899717637
  -0.0985804786   -1.3718877085   -2.5276464807
   0.1393726236   -2.5492478444    2.0718698436
  -0.8325269520   -2.5492478444    1.8500401077
  -0.3465771642   -3.3909375669    1.8500401077
   0.6253224114   -3.3909375669    1.8500401077
  -1.2774608779   -3.5786376384    1.2284869998
  -0.4018096176   -4.2148355188    1.2284869998
   0.6805548648   -4.2148355188    1.2284869998
  -0.6350271892   -4.5911723351    0.3303167357
   0.4026052694   -4.7171637261    0.3303167357
   1.3799343013   -4.3465117148    0.3303167357
  -0.6350271892   -4.5911723351   -0.6665770484
   0.4026052694   -4.7171637261   -0.6665770484
   1.3799343013   -4.3465117148   -0.6665770484
  -0.4018096176   -4.2148355188   -1.5647473125
   0.6805548648   -4.2148355188   -1.5647473125
   1.5562061252   -3.5786376384   -1.5647473125
   1.1112721993   -2.5492478444   -2.1863004205
  -0.3465771642   -3.3909375669   -2.1863004205
   0.6253224114   -3.3909375669   -2.1863004205
   0.1393726236   -2.5492478444   -2.4081301564
  -1.3727761024   -0.8530407538    2.0409154651
  -2.4140970762   -0.8530407538    1.8032407481
  -1.8934365893   -1.7548511706    1.8032407481
  -0.3314551285   -0.8530407538   -2.5214098178
  -0.8521156154    0.0487696631   -2.5214098178
  -0.8521156154   -1.7548511706   -2.5214098178
  -1.3727761024   -0.8530407538   -2.7590845349
  -1.7324629103    0.4907914151    2.0690546770
  -2.2531233972    1.3926018320    1.8313799599
  -2.7737838841    0.4907914151    1.8313799599
  -2.2531233972   -0.4110190018    1.8313799599
  -0.6911419364    0.4907914151   -2.4932706060
  -1.2118024233    1.3926018320   -2.4932706060
  -1.7324629103    0.4907914151   -2.7309453230
  -3.3483274588    1.6700490882    1.4731281011
  -3.8342772466    0.8283593658    1.4731281011
  -3.3483274588   -0.0133303566    1.4731281011
  -4.2792111726    1.8577491598    0.8515749932
  -4.6136801917    0.8283593658    0.8515749932
  -4.2792111726   -0.2010304282    0.8515749932
  -3.6367774839    2.8702838565   -0.0465952709
  -4.4970042780    2.2765121726   -0.0465952709
  -4.9827578158    1.3509861327   -0.0465952709
  -4.9827578158    0.3057325989   -0.0465952709
  -3.6367774839    2.8702838565   -1.0434890550
  -4.4970042780    2.2765121726   -1.0434890550
  -4.9827578158    1.3509861327   -1.0434890550
  -4.9827578158    0.3057325989   -1.0434890550
  -3.4035599122    2.4939470402   -1.9416593191
  -4.2792111726    1.8577491598   -1.9416593191
  -4.6136801917    0.8283593658   -1.9416593191
  -4.2792111726   -0.2010304282   -1.9416593191
  -2.3764278832    1.6700490882   -2.5632124271
  -3.3483274588    1.6700490882   -2.5632124271
  -3.8342772466    0.8283593658   -2.5632124271
  -2.8623776710    0.8283593658   -2.7850421630
  -0.7550623804    1.4122260731    2.3487025298
  -1.7963833543    1.4122260731    2.1110278128
  -1.2757228673    0.5104156562    2.1110278128
   0.2862585935    1.4122260731   -2.2136227531
  -0.2344018934    2.3140364899   -2.2136227531
  -0.2344018934    0.5104156562   -2.2136227531
  -0.7550623804    1.4122260731   -2.4512974702
  -0.0815176740    2.8230790553    2.1432465637
  -0.6021781610    3.7248894722    2.1432465637
  -1.6434991348    5.1042416968    0.5149715223
  -1.6434991348    5.1042416968   -0.5531289607
   0.7535569100    2.8230790553   -1.5154542437
  -1.9411096367   -2.6849773285    1.4989739648
  -3.9206283896   -3.6125173154   -0.1293010767
  -4.8015971129   -1.7831669117   -1.1974015597
  -4.5698813973   -2.7983797946   -1.1974015597
  -3.9206283896   -3.6125173154   -1.1974015597
   2.0745045817   -3.7555926329   -0.4165295921
   3.0345045817   -4.0128238576   -0.4165295921
   3.9945045817   -3.7555926329   -0.4165295921
   4.6972733570   -3.0528238576   -0.4165295921
   4.6972733570   -2.0928238576   -1.3765295921
   2.5206807724   -3.6742109364   -1.3765295921
   3.5483283910   -3.6742109364   -1.3765295921
   4.3797127786   -3.0701748217   -1.3765295921
   3.9945045817   -2.0928238576   -2.0792983674
   3.5145045817   -1.2614394700   -2.0792983674
   2.5545045817   -1.2614394700   -2.0792983674
   2.0745045817   -2.0928238576   -2.0792983674
   2.5545045817   -2.9242082452   -2.0792983674
   3.5145045817   -2.9242082452   -2.0792983674
   3.0345045817   -2.0928238576   -2.3365295921
   4.0460868774   -1.2532606230    2.6843321978
   5.0060868774   -1.2532606230    2.4271009731
   4.5260868774   -0.4218762354    2.4271009731
   4.5260868774   -2.0846450107    2.4271009731
   5.7088556527   -1.2532606230    1.7243321978
   5.3912950743   -0.2759096590    1.7243321978
   5.3912950743   -2.2306115871    1.7243321978
   5.9660868774   -1.2532606230    0.7643321978
   5.7088556527   -0.2932606230    0.7643321978
   5.7088556527   -2.2132606230    0.7643321978
   5.7088556527   -1.2532606230   -0.1956678022
   5.3912950743   -0.2759096590   -0.1956678022
   5.3912950743   -2.2306115871   -0.1956678022
   5.0060868774   -1.2532606230   -0.8984365774
   2.6699538374   -2.2256658526    3.2166832996
   3.6299538374   -2.2256658526    2.9594520749
   3.1499538374   -1.3942814649    2.9594520749
   2.1899538374   -1.3942814649    2.9594520749
   1.7099538374   -2.2256658526    2.9594520749
   2.1899538374   -3.0570502402    2.9594520749
   3.1499538374   -3.0570502402    2.9594520749
   1.0071850621   -2.2256658526    2.2566832996
   1.3247456405   -3.2030168166    2.2566832996
   2.1561300281   -3.8070529314    2.2566832996
   3.1837776466   -3.8070529314    2.2566832996
   4.0151620343   -3.2030168166    2.2566832996
   1.7099538374   -3.8884346278    1.2966832996
   2.6699538374   -4.1456658526    1.2966832996
   3.6299538374   -3.8884346278    1.2966832996
   2.1561300281   -3.8070529314    0.3366832996
   4.5349321620    1.1554097449    2.5140621038
   4.0549321620    1.9867941325    2.5140621038
   4.0549321620    0.3240253573    2.5140621038
   5.2377009373    1.1554097449    1.8112933285
   4.9201403589    2.1327607090    1.8112933285
   4.0887559713    2.7367968237    1.8112933285
   4.9201403589    0.1780587808    1.8112933285
   5.4949321620    1.1554097449    0.8512933285
   5.2377009373    2.1154097449    0.8512933285
   4.5349321620    2.8181785202    0.8512933285
   3.5749321620    3.0754097449    0.8512933285
   5.2377009373    1.1554097449   -0.1087066715
   4.9201403589    2.1327607090   -0.1087066715
   4.0887559713    2.7367968237   -0.1087066715
   4.5349321620    1.1554097449   -0.8114754467
  -1.8802560062    2.9916275881    2.6532995054
  -0.9202560062    2.9916275881    2.3960682806
  -1.4002560062    3.8230119757    2.3960682806
  -2.3602560062    3.8230119757    2.3960682806
  -2.8402560062    2.9916275881    2.3960682806
  -2.3602560062    2.1602432004    2.3960682806
  -1.4002560062    2.1602432004    2.3960682806
  -1.3664321970    4.5730146669    1.6932995054
  -2.3940798155    4.5730146669    1.6932995054
  -3.2254642031    3.9689785521    1.6932995054
  -3.5430247815    2.9916275881    1.6932995054
  -3.2254642031    2.0142766240    1.6932995054
  -2.8402560062    4.6543963633    0.7332995054
  -3.5430247815    3.9516275881    0.7332995054
  -3.8002560062    2.9916275881    0.7332995054
  -3.2254642031    3.9689785521   -0.2267004946
  -3.5430247815    2.9916275881   -0.2267004946
   0.2426667149    4.2222740385    1.8772609085
   1.1078749118    4.3682406149    1.1744921333
   0.2764905242    4.9722767297    1.1744921333
  -0.7511570944    4.9722767297    1.1744921333
   1.4254354902    4.3508896508    0.2144921333
   0.7226667149    5.0536584261    0.2144921333
  -0.2373332851    5.3108896508    0.2144921333
   1.1078749118    4.3682406149   -0.7455078667
   0.2764905242    4.9722767297   -0.7455078667
   0.7226667149    3.3908896508   -1.4482766420
   0.2426667149    4.2222740385   -1.4482766420
  -1.5144869626    5.0461079038   -0.9797935952
  -2.4744869626    4.7888766791   -0.9797935952
  -3.1772557378    4.0861079038   -0.9797935952
  -3.4344869626    3.1261079038   -0.9797935952
  -0.1692787657    4.1034588679   -1.9397935952
  -1.0006631533    4.7074949826   -1.9397935952
  -2.0283107719    4.7074949826   -1.9397935952
  -2.8596951595    4.1034588679   -1.9397935952
  -3.1772557378    3.1261079038   -1.9397935952
  -0.5544869626    3.1261079038   -2.6425623705
  -1.0344869626    3.9574922915   -2.6425623705
  -1.9944869626    3.9574922915   -2.6425623705
  -2.4744869626    3.1261079038   -2.6425623705
  -1.9944869626    2.2947235162   -2.6425623705
  -1.0344869626    2.2947235162   -2.6425623705
  -1.5144869626    3.1261079038   -2.8997935952
  -2.5360297545   -3.6105392823    1.0081503871
  -1.5760297545   -3.6105392823    1.0081503871
  -2.5698535638   -4.3605419735    0.3053816118
  -1.5422059453   -4.3605419735    0.3053816118
  -3.0160297545   -4.4419236699   -0.6546183882
  -2.0560297545   -4.6991548947   -0.6546183882
  -1.0960297545   -4.4419236699   -0.6546183882
  -2.5698535638   -4.3605419735   -1.6146183882
  -1.5422059453   -4.3605419735   -1.6146183882
  -2.5360297545   -3.6105392823   -2.3173871634
  -1.5760297545   -3.6105392823   -2.3173871634
  -3.2428208550   -1.6899764679    1.9975297444
  -2.2828208550   -1.6899764679    1.7402985197
  -2.7628208550   -0.8585920802    1.7402985197
  -3.7228208550   -0.8585920802    1.7402985197
  -4.2028208550   -1.6899764679    1.7402985197
  -3.7228208550   -2.5213608555    1.7402985197
  -2.7628208550   -2.5213608555    1.7402985197
  -4.5880290519   -0.7126255038    1.0375297444
  -4.9055896303   -1.6899764679    1.0375297444
  -4.5880290519   -2.6673274319    1.0375297444
  -3.7566446643   -3.2713635467    1.0375297444
  -4.9055896303   -0.7299764679    0.0775297444
  -5.1628208550   -1.6899764679    0.0775297444
  -4.9055896303   -2.6499764679    0.0775297444
  -4.2028208550   -3.3527452431    0.0775297444
  -4.9055896303   -1.6899764679   -0.8824702556
  -4.5412193709   -0.5964052519   -1.6341968569
  -4.7984505957   -1.5564052519   -1.6341968569
  -4.5412193709   -2.5164052519   -1.6341968569
  -3.3922744049    0.0249818269   -2.5941968569
  -4.2236587926   -0.5790542879   -2.5941968569
  -4.5412193709   -1.5564052519   -2.5941968569
  -4.2236587926   -2.5337562160   -2.5941968569
  -3.3922744049   -3.1377923308   -2.5941968569
  -1.9184505957   -1.5564052519   -3.2969656321
  -2.3984505957   -0.7250208643   -3.2969656321
  -3.3584505957   -0.7250208643   -3.2969656321
  -3.8384505957   -1.5564052519   -3.2969656321
  -3.3584505957   -2.3877896396   -3.2969656321
  -2.3984505957   -2.3877896396   -3.2969656321
  -2.8784505957   -1.5564052519   -3.5541968569
   4.0718695742   -1.5647213059    3.0203110060
   3.5552469405   -0.6699046560    3.0203110060
   4.6447357167   -2.5969064341    2.4350245774
   4.5939038668   -3.5149801881    1.5590815356
   3.0386243068   -4.2647213059    0.5258362682
   4.0718695742   -4.0591960437    0.5258362682
   4.9478126160   -3.4739096151    0.5258362682
   5.2860683873   -2.6470333322   -0.5074089992
   4.9478126160   -1.5647213059   -1.3833520410
   4.6447357167   -0.5325361777   -1.3833520410
   3.5552469405   -0.6699046560   -1.9686384696
   2.2019749047   -0.3816854183    3.1394776424
   1.1687296373   -0.3816854183    2.9339523802
   3.2352201721   -0.3816854183   -2.0549970953
   2.7185975384    0.5131312316   -2.0549970953
   2.2019749047   -0.3816854183   -2.2605223576
   2.5654489887    0.8848011681    3.3153141355
   3.5986942561    0.8848011681    3.1097888733
   3.0820716224    1.7796178180    3.1097888733
   1.5322037213    0.8848011681    3.1097888733
   2.0488263550   -0.0100154818    3.1097888733
   3.0820716224   -0.0100154818    3.1097888733
   3.3585544750    2.6214599393    2.5245024447
   4.1207285487    2.8350600503   -0.4179311319
   4.4746372979    0.8848011681   -1.2938741737
   4.1715603986    1.9169862962   -1.2938741737
   3.5986942561    0.8848011681   -1.8791606023
   3.0820716224    1.7796178180   -1.8791606023
   2.5654489887    0.8848011681   -2.0846858645
   1.5903633878    1.7483478906    3.1744167052
   2.1069860215    2.6431645405    2.9688914430
   1.0737407541    2.6431645405    2.9688914430
   0.5571181204    1.7483478906    2.9688914430
   1.0737407541    0.8535312407    2.9688914430
   2.3834688741    3.4850066618    2.3836050144
   1.3186575624    3.6381034157    2.3836050144
   0.3401109304    3.1912161427    2.3836050144
   3.1456429478    3.6986067728    1.5076619726
   2.1454362362    4.1802809387    1.5076619726
   3.4995516970    3.6575361998    0.4744167052
   2.6236086552    4.2428226284    0.4744167052
   3.1456429478    3.6986067728   -0.5588285621
   2.1454362362    4.1802809387   -0.5588285621
   3.1964747978    2.7805330188   -1.4347716040
   2.3834688741    3.4850066618   -1.4347716040
   1.3186575624    3.6381034157   -1.4347716040
   2.6236086552    1.7483478906   -2.0200580325
   2.1069860215    2.6431645405   -2.0200580325
   1.0737407541    2.6431645405   -2.0200580325
   1.5903633878    1.7483478906   -2.2255832948
   0.5223491243    0.9812600305    2.8874187644
   0.0057264906    1.8760766804    2.6818935022
  -0.5108961431    0.9812600305    2.6818935022
   1.5555943917    0.9812600305   -2.3070559734
   1.0389717580    1.8760766804   -2.3070559734
   0.5223491243    0.9812600305   -2.5125812356
   0.8490760486   -0.3353032492    2.8542811920
  -0.1841692188   -0.3353032492    2.6487559298
   0.3324534149   -1.2301198991    2.6487559298
   1.8823213160   -0.3353032492   -2.3401935458
   0.8490760486   -0.3353032492   -2.5457188080
  -0.0985804786   -1.3718877085    2.5723535193
  -1.1318257460   -1.3718877085    2.3668282571
  -0.6152031123   -2.2667043584    2.3668282571
   0.4180421551   -2.2667043584    2.3668282571
   0.9346647887   -1.3718877085   -2.6221212185
   0.4180421551   -0.4770710586   -2.6221212185
  -0.6152031123   -2.2667043584   -2.6221212185
  -0.0985804786   -1.3718877085   -2.8276464807
   0.1393726236   -2.5492478444    2.3518698436
  -0.4073208877   -3.4961487822    2.1023113908
   0.6860661349   -3.4961487822    2.1023113908
  -1.1508440372   -4.0382372459    1.4030641443
  -0.1410182532   -4.4994092290    1.4030641443
   0.9578296530   -4.3414187516    1.4030641443
  -0.4073208877   -4.9444686180    0.3926225972
   0.6860661349   -4.9444686180    0.3926225972
   1.6711738028   -4.4700657683    0.3926225972
  -0.4073208877   -4.9444686180   -0.7288829099
   0.6860661349   -4.9444686180   -0.7288829099
   1.6711738028   -4.4700657683   -0.7288829099
  -0.1410182532   -4.4994092290   -1.7393244570
   0.9578296530   -4.3414187516   -1.7393244570
   1.7968232353   -3.6144266742   -1.7393244570
   1.2327596462   -2.5492478444   -2.4385717035
  -0.4073208877   -3.4961487822   -2.4385717035
   0.6860661349   -3.4961487822   -2.4385717035
   0.1393726236   -2.5492478444   -2.6881301564
  -1.3727761024   -0.8530407538    2.3409154651
  -2.4060213698   -0.8530407538    2.1353902029
  -1.8893987361   -1.7478574037    2.1353902029
  -0.3395308350   -0.8530407538   -2.8535592726
  -0.8561534687    0.0417758961   -2.8535592726
  -0.8561534687   -1.7478574037   -2.8535592726
  -1.3727761024   -0.8530407538   -3.0590845349
  -1.7324629103    0.4907914151    2.3690546770
  -2.7657081776    0.4907914151    2.1635294147
  -2.2490855440   -0.4040252348    2.1635294147
  -0.6992176429    0.4907914151   -2.8254200608
  -1.2158402766    1.3856080650   -2.8254200608
  -1.7324629103    0.4907914151   -3.0309453230
  -3.4090711823    1.7752603035    1.7253993842
  -3.9557646936    0.8283593658    1.7253993842
  -3.4090711823   -0.1185415719    1.7253993842
  -4.1525943319    2.3173487673    1.0261521377
  -4.7527854422    1.3834331699    1.0261521377
  -4.7527854422    0.2732855617    1.0261521377
  -4.3941788502    2.7491772897    0.0157105906
  -5.0758945083    1.8943328930    0.0157105906
  -5.3191960097    0.8283593658    0.0157105906
  -5.0758945083   -0.2376141613    0.0157105906
  -4.3941788502    2.7491772897   -1.1057949165
  -5.0758945083    1.8943328930   -1.1057949165
  -5.3191960097    0.8283593658   -1.1057949165
  -5.0758945083   -0.2376141613   -1.1057949165
  -4.1525943319    2.3173487673   -2.1162364636
  -4.7527854422    1.3834331699   -2.1162364636
  -4.7527854422    0.2732855617   -2.1162364636
  -2.3156841597    1.7752603035   -2.8154837101
  -3.4090711823    1.7752603035   -2.8154837101
  -3.9557646936    0.8283593658   -2.8154837101
  -2.8623776710    0.8283593658   -3.0650421630
  -0.7550623804    1.4122260731    2.6487025298
  -1.7883076478    1.4122260731    2.4431772676
  -1.2716850141    0.5174094232    2.4431772676
   0.2781828870    1.4122260731   -2.5457722080
  -0.2384397467    2.3070427230   -2.5457722080
  -0.7550623804    1.4122260731   -2.7512974702
  -0.0895933805    2.8230790553    2.4753960185
  -0.6062160142    3.7178957052    2.4753960185
  -1.6779114963    5.2550121034    1.0141665482
  -1.1228386479    5.5230790553   -0.0190787192
  -2.1560839153    5.3175537931   -0.0190787192
  -3.0320269571    4.7322673645   -0.0190787192
  -0.5677657995    5.2550121034   -1.0523239866
   0.7863496613    2.8230790553   -1.9282670284
   0.4832727621    3.8552641835   -1.9282670284
  -1.9451474900   -2.6779835616    1.8311234196
  -2.7334759491   -3.6729224367    1.2458369910
  -4.0170496837   -3.7334257939    0.3698939492
  -4.9562448615   -2.8164121790   -0.6633513182
  -4.3709584329   -3.6923552209   -0.6633513182
  -4.7092142042   -2.8654789380   -1.6965965855
  -4.0170496837   -3.7334257939   -1.6965965855
  -2.7334759491   -3.6729224367   -2.5725396274
  -0.8556587137   -2.8153520398   -2.5725396274
   2.2685580257   -4.1124589418   -0.4165295921
   3.2948638111   -4.2370750257   -0.4165295921
   4.2615244346   -3.8704690079   -0.4165295921
   4.9051194539   -2.0928238576   -1.4965295921
   2.7682883287   -3.9443985676   -1.4965295921
   3.8115860831   -3.7943949963   -1.4965295921
   4.6081659515   -3.1041546113   -1.4965295921
   4.1145045817   -2.0928238576   -2.2871444643
   3.5745045817   -1.1575164215   -2.2871444643
   2.4945045817   -1.1575164215   -2.2871444643
   1.9545045817   -2.0928238576   -2.2871444643
   2.4945045817   -3.0281312937   -2.2871444643
   3.5745045817   -3.0281312937   -2.2871444643
   3.0345045817   -2.0928238576   -2.5765295921
   5.1260868774   -1.2532606230    2.6349470700
   4.5860868774   -0.3179531869    2.6349470700
   5.9167017496   -1.2532606230    1.8443321978
   5.6197482472   -0.2419298694    1.8443321978
   5.6197482472   -2.2645913767    1.8443321978
   6.2060868774   -1.2532606230    0.7643321978
   5.9586718928   -0.2494585714    0.7643321978
   5.9586718928   -2.2570626746    0.7643321978
   5.9167017496   -1.2532606230   -0.3156678022
   5.6197482472   -0.2419298694   -0.3156678022
   5.6197482472   -2.2645913767   -0.3156678022
   2.6699538374   -2.2256658526    3.4566832996
   3.7499538374   -2.2256658526    3.1672981718
   2.1299538374   -1.2903584165    3.1672981718
   1.5899538374   -2.2256658526    3.1672981718
   2.1299538374   -3.1609732887    3.1672981718
   3.2099538374   -3.1609732887    3.1672981718
   0.8751120112   -2.7526789634    2.3766832996
   1.4449616092   -3.6393822460    2.3766832996
   2.4037375844   -4.0772405626    2.3766832996
   3.4470353388   -3.9272369913    2.3766832996
   4.2436152071   -3.2369966062    2.3766832996
   1.9040072813   -4.2453009368    1.2966832996
   2.9303130667   -4.3699170206    1.2966832996
   4.6549321620    1.1554097449    2.7219082007
   4.1149321620    2.0907171810    2.7219082007
   5.4455470342    1.1554097449    1.9312933285
   5.1485935318    2.1667404985    1.9312933285
   4.3520136635    2.8569808836    1.9312933285
   5.7349321620    1.1554097449    0.8512933285
   5.4875171774    2.1592117965    0.8512933285
   4.8019520149    2.9330548952    0.8512933285
   3.8352913914    3.2996609129    0.8512933285
   5.4455470342    1.1554097449   -0.2287066715
   5.1485935318    2.1667404985   -0.2287066715
   4.3520136635    2.8569808836   -0.2287066715
  -1.8802560062    2.9916275881    2.8932995054
  -1.3402560062    3.9269350242    2.6039143775
  -2.4202560062    3.9269350242    2.6039143775
  -2.9602560062    2.9916275881    2.6039143775
  -2.4202560062    2.0563201520    2.6039143775
  -1.3402560062    2.0563201520    2.6039143775
  -2.1464722592    4.8432022981    1.8132995054
  -3.1052482344    4.4053439815    1.8132995054
  -3.6750978324    3.5186406989    1.8132995054
  -3.6750978324    2.4646144773    1.8132995054
  -2.6462025623    5.0112626723    0.7332995054
  -3.4970392223    4.4239725299    0.7332995054
  -3.9774903319    3.5085494229    0.7332995054
   0.3026667149    4.3261970869    2.0851070054
   1.3363280847    4.4022204045    1.2944921333
   0.5397482163    5.0924607896    1.2944921333
  -0.5035495381    5.2424643608    1.2944921333
   0.9896865678    5.1685348012    0.2144921333
   0.0230259442    5.5351408189    0.2144921333
   1.3363280847    4.4022204045   -0.8655078667
   0.5397482163    5.0924607896   -0.8655078667
  -2.2804335186    5.1457429880   -0.9797935952
  -3.1312701786    4.5584528456   -0.9797935952
  -3.6117212882    3.6430297387   -0.9797935952
  -0.7374054611    4.8276790426   -2.0597935952
  -1.7807032156    4.9776826138   -2.0597935952
  -2.7394791907    4.5398242973   -2.0597935952
  -3.3093287888    3.6531210146   -2.0597935952
  -0.4344869626    3.1261079038   -2.8504084674
  -0.9744869626    4.0614153399   -2.8504084674
  -2.0544869626    4.0614153399   -2.8504084674
  -2.5944869626    3.1261079038   -2.8504084674
  -2.0544869626    2.1908004678   -2.8504084674
  -0.9744869626    2.1908004678   -2.8504084674
  -1.5144869626    3.1261079038   -3.1397935952
  -3.2810219826   -4.1928712881    0.4253816118
  -2.3222460075   -4.6307296047    0.4253816118
  -3.6728129706   -4.2114998365   -0.6546183882
  -2.8219763105   -4.7987899789   -0.6546183882
  -1.7956705252   -4.9234060627   -0.6546183882
  -3.2810219826   -4.1928712881   -1.7346183882
  -2.3222460075   -4.6307296047   -1.7346183882
  -1.2789482531   -4.4807260334   -1.7346183882
  -1.5160297545   -3.7144623308   -2.5252332603
  -3.2428208550   -1.6899764679    2.2375297444
  -3.7828208550   -0.7546690318    1.9481446166
  -4.3228208550   -1.6899764679    1.9481446166
  -3.7828208550   -2.6252839040    1.9481446166
  -2.7028208550   -2.6252839040    1.9481446166
  -4.4678130831   -0.2762600744    1.1575297444
  -5.0376626812   -1.1629633571    1.1575297444
  -5.0376626812   -2.2169895787    1.1575297444
  -4.4678130831   -3.1036928613    1.1575297444
  -3.5090371080   -3.5415511778    1.1575297444
  -5.3400551806   -1.1730546330    0.0775297444
  -5.3400551806   -2.2068983027    0.0775297444
  -4.8596040710   -3.1223214097    0.0775297444
  -4.9756849213   -1.0394834171   -1.6341968569
  -4.9756849213   -2.0733270868   -1.6341968569
  -4.1034428238   -0.1426888585   -2.7141968569
  -4.6732924219   -1.0293921411   -2.7141968569
  -4.6732924219   -2.0834183628   -2.7141968569
  -4.1034428238   -2.9701216454   -2.7141968569
  -3.1446668487   -3.4079799619   -2.7141968569
  -1.7984505957   -1.5564052519   -3.5048117290
  -2.3384505957   -0.6210978159   -3.5048117290
  -3.4184505957   -0.6210978159   -3.5048117290
  -3.9584505957   -1.5564052519   -3.5048117290
  -3.4184505957   -2.4917126880   -3.5048117290
  -2.3384505957   -2.4917126880   -3.5048117290
  -2.8784505957   -1.5564052519   -3.7941968569
   4.0646847367   -1.5647213059    3.3449141305
   3.5516545218   -0.6761269077    3.3449141305
   4.6608663493   -2.6072729621    2.8239695975
   4.7770766174   -3.4954681985    2.0258362682
   4.3555240725   -4.2094125545    1.0467808012
   5.2219694404   -3.5551033850    1.0467808012
   2.2301080038   -4.4063613572    0.0048917352
   3.3112240940   -4.5065415161    0.0048917352
   4.3555240725   -4.2094125545    0.0048917352
   5.2219694404   -3.5551033850    0.0048917352
   5.4120850283   -2.6214541025   -0.9741637318
   4.9669871358   -1.5647213059   -1.7722970612
   4.6608663493   -0.5221696496   -1.7722970612
   3.5516545218   -0.6761269077   -2.2932415942
   2.2019749047   -0.3816854183    3.4394776424
   1.1759144747   -0.3816854183    3.2585555048
   3.2280353347   -0.3816854183   -2.3796002199
   2.7150051197    0.5069089799   -2.3796002199
   2.2019749047   -0.3816854183   -2.5605223576
   2.5654489887    0.8848011681    3.6153141355
   3.5915094187    0.8848011681    3.4343919979
   3.0784792037    1.7733955662    3.4343919979
   1.5393885587    0.8848011681    3.4343919979
   2.0524187737   -0.0037932301    3.4343919979
   3.0784792037   -0.0037932301    3.4343919979
   3.3665198584    2.6389016960    2.9134474649
   4.1876910312   -0.1577504882    2.9134474649
   4.3039012994    2.8155480607   -0.8846858645
   4.4938118177    0.8848011681   -1.6828191938
   4.1876910312    1.9273528243   -1.6828191938
   3.5915094187    0.8848011681   -2.2037637268
   3.0784792037    1.7733955662   -2.2037637268
   2.5654489887    0.8848011681   -2.3846858645
   1.5903633878    1.7483478906    3.4744167052
   2.1033936028    2.6369422888    3.2934945676
   1.0773331728    2.6369422888    3.2934945676
   0.5643029579    1.7483478906    3.2934945676
   1.0773331728    0.8597534924    3.2934945676
   2.3914342575    3.5024484186    2.7725500346
   1.3159287437    3.6570827665    2.7725500346
   0.3275542903    3.2057072779    2.7725500346
   3.3288156985    3.6790947833    1.9744167052
   2.3932130898    4.2192652013    1.9744167052
   1.3187904740    4.3321915686    1.9744167052
   3.7737085215    3.7387299697    0.9953612382
   2.9072631536    4.3930391392    0.9953612382
   1.8629631751    4.6901681009    0.9953612382
   3.7737085215    3.7387299697   -0.0465278278
   2.9072631536    4.3930391392   -0.0465278278
   1.8629631751    4.6901681009   -0.0465278278
   3.3288156985    3.6790947833   -1.0255832948
   2.3932130898    4.2192652013   -1.0255832948
   3.2126054304    2.7908995469   -1.8237166241
   2.3914342575    3.5024484186   -1.8237166241
   1.3159287437    3.6570827665   -1.8237166241
   2.6164238178    1.7483478906   -2.3446611571
   2.1033936028    2.6369422888   -2.3446611571
   1.0773331728    2.6369422888   -2.3446611571
   1.5903633878    1.7483478906   -2.5255832948
   0.5223491243    0.9812600305    3.1874187644
  -0.5037113057    0.9812600305    3.0064966267
   0.0093189093    0.0926656324    3.0064966267
   1.5484095542    0.9812600305   -2.6316590980
   1.0353793393    1.8698544287   -2.6316590980
   0.5223491243    0.9812600305   -2.8125812356
   0.8490760486   -0.3353032492    3.1542811920
  -0.1769843814   -0.3353032492    2.9733590544
   0.3360458336   -1.2238976474    2.9733590544
   1.8751364786   -0.3353032492   -2.6647966703
   1.3621062636    0.5532911489   -2.6647966703
   0.8490760486   -0.3353032492   -2.8457188080
  -0.0985804786   -1.3718877085    2.8723535193
  -1.1246409086   -1.3718877085    2.6914313816
  -0.6116106936   -2.2604821067    2.6914313816
   0.4144497364   -2.2604821067    2.6914313816
   0.9274799513   -1.3718877085   -2.9467243431
   0.4144497364   -0.4832933103   -2.9467243431
   0.4144497364   -2.2604821067   -2.9467243431
  -0.0985804786   -1.3718877085   -3.1276464807
   0.1393726236   -2.5492478444    2.6318698436
  -0.3963841817   -3.4772058517    2.4187325347
   0.6751294289   -3.4772058517    2.4187325347
  -1.5752701963   -3.5391973381    1.8117688310
  -0.8505768700   -4.2638906644    1.8117688310
   0.1393726236   -4.5291468318    1.8117688310
   1.1293221173   -4.2638906644    1.8117688310
  -1.1540587219   -4.7895366510    0.9033834543
  -0.1310281581   -5.1219394310    0.9033834543
   0.9387571573   -5.0095004635    0.9033834543
   1.8703216247   -4.4716614675    0.9033834543
  -0.6268837486   -5.2423596453   -0.1681301564
   0.3977240301   -5.3373035381   -0.1681301564
   1.3874400198   -5.0557050602   -0.1681301564
   2.2085975919   -4.4355956467   -0.1681301564
  -0.1310281581   -5.1219394310   -1.2396437670
   0.9387571573   -5.0095004635   -1.2396437670
   1.8703216247   -4.4716614675   -1.2396437670
  -0.8505768700   -4.2638906644   -2.1480291437
   0.1393726236   -4.5291468318   -2.1480291437
   1.1293221173   -4.2638906644   -2.1480291437
   1.8540154436   -3.5391973381   -2.1480291437
   1.2108862343   -2.5492478444   -2.7549928474
  -0.3963841817   -3.4772058517   -2.7549928474
   0.6751294289   -3.4772058517   -2.7549928474
   0.1393726236   -2.5492478444   -2.9681301564
  -1.3727761024   -0.8530407538    2.6409154651
  -2.3988365323   -0.8530407538    2.4599933275
  -1.8858063174   -1.7416351519    2.4599933275
  -0.3467156724   -0.8530407538   -3.1781623972
  -0.8597458874    0.0355536444   -3.1781623972
  -1.7324629103    0.4907914151    2.6690546770
  -2.7585233402    0.4907914151    2.4881325393
  -2.2454931252   -0.3978029831    2.4881325393
  -0.7064024803    0.4907914151   -3.1500231854
  -1.2194326953    1.3793858133   -3.1500231854
  -1.7324629103    0.4907914151   -3.3309453230
  -3.9338912816    0.8283593658    2.0418205281
  -4.5770204910    1.8183088595    1.4348568244
  -4.8422766583    0.8283593658    1.4348568244
  -4.5770204910   -0.1615901278    1.4348568244
  -4.9551935502    2.3488791053    0.5264714477
  -5.3927112057    1.3661983618    0.5264714477
  -5.3927112057    0.2905203698    0.5264714477
  -4.5497546529    3.0628076022   -0.5450421630
  -5.2429856511    2.3023694219   -0.5450421630
  -5.6147023501    1.3428580157   -0.5450421630
  -5.6147023501    0.3138607159   -0.5450421630
  -4.1558090165    3.0686481724   -1.6165557736
  -4.9551935502    2.3488791053   -1.6165557736
  -5.3927112057    1.3661983618   -1.6165557736
  -5.3927112057    0.2905203698   -1.6165557736
  -3.8523271647    2.5430021858   -2.5249411503
  -4.5770204910    1.8183088595   -2.5249411503
  -4.8422766583    0.8283593658   -2.5249411503
  -2.3266208657    1.7563173731   -3.1319048540
  -3.3981344763    1.7563173731   -3.1319048540
  -3.9338912816    0.8283593658   -3.1319048540
  -2.8623776710    0.8283593658   -3.3450421630
  -0.7550623804    1.4122260731    2.9487025298
  -1.7811228104    1.4122260731    2.7677803922
  -1.2680925954    0.5236316749    2.7677803922
   0.2709980496    1.4122260731   -2.8703753325
  -0.2420321654    2.3008204713   -2.8703753325
  -0.7550623804    1.4122260731   -3.0512974702
  -0.0967782179    2.8230790553    2.7999991431
  -0.6098084329    3.7116734535    2.7999991431
  -1.3944115617    5.4069227333    1.4809212808
  -0.8502388606    5.7648992656    0.5018658138
  -1.9313549509    5.6647191066    0.5018658138
  -2.9032764343    5.1807597127    0.5018658138
  -0.8502388606    5.7648992656   -0.5400232522
  -1.9313549509    5.6647191066   -0.5400232522
  -2.9032764343    5.1807597127   -0.5400232522
  -3.6347399289    4.3783824816   -0.5400232522
  -0.3199889459    5.2939963659   -1.5190787192
   0.8055241812    2.8230790553   -2.3172120486
   0.4994033946    3.8656307115   -2.3172120486
  -1.9487399087   -2.6717613098    2.1557265442
  -2.7362047678   -3.6919017876    1.6347820112
  -3.7608082294   -4.0331669117    0.8366486818
  -4.9736714047   -3.3384703380   -0.1424067852
  -4.2422079101   -4.1408475690   -0.1424067852
  -5.3658887124   -1.2402930624   -1.1842958512
  -5.3658887124   -2.3260407609   -1.1842958512
  -4.9736714047   -3.3384703380   -1.1842958512
  -4.2422079101   -4.1408475690   -1.1842958512
  -4.5636579314   -3.3102777930   -2.1633513182
  -3.7608082294   -4.0331669117   -2.1633513182
  -2.7362047678   -3.6919017876   -2.9614846475
  -1.6606992540   -3.5372674396   -2.9614846475
  -0.8395280812   -2.8257185679   -2.9614846475
   2.5138440948   -4.3739864991   -0.9505798336
   3.5551650686   -4.3739864991   -0.9505798336
   4.4933628476   -3.9221742613   -0.9505798336
   4.9109001396   -2.0928238576   -1.9129051166
   2.7674656513   -3.9501204143   -1.9129051166
   3.8139874668   -3.7996532930   -1.9129051166
   4.6130289738   -3.1072798859   -1.9129051166
   4.0758255556   -2.0928238576   -2.5788548751
   3.5551650686   -1.1910134407   -2.5788548751
   2.5138440948   -1.1910134407   -2.5788548751
   1.9931836078   -2.0928238576   -2.5788548751
   2.5138440948   -2.9946342745   -2.5788548751
   3.5551650686   -2.9946342745   -2.5788548751
   3.0345045817   -2.0928238576   -2.8165295921
   5.0874078513   -1.2532606230    2.9266574808
   4.5667473644   -0.3514502062    2.9266574808
   5.9224824353   -1.2532606230    2.2607077223
   5.6246112695   -0.2388045947    2.2607077223
   5.6246112695   -2.2677166513    2.2607077223
   6.3859138666   -1.2532606230    1.2983824393
   6.1541981510   -0.2380477401    1.2983824393
   6.1541981510   -2.2684735060    1.2983824393
   6.3859138666   -1.2532606230    0.2302819563
   6.1541981510   -0.2380477401    0.2302819563
   6.1541981510   -2.2684735060    0.2302819563
   5.9224824353   -1.2532606230   -0.7320433266
   5.6246112695   -0.2388045947   -0.7320433266
   2.6699538374   -2.2256658526    3.6966832996
   3.7112748112   -2.2256658526    3.4590085826
   2.1492933504   -1.3238554357    3.4590085826
   1.6286328635   -2.2256658526    3.4590085826
   2.1492933504   -3.1274762694    3.4590085826
   3.1906143243   -3.1274762694    3.4590085826
   0.8695654838   -2.7543075708    2.7930588241
   1.4411760651   -3.6437509968    2.7930588241
   2.4029149070   -4.0829624093    2.7930588241
   3.4494367224   -3.9324952880    2.7930588241
   4.2484782294   -3.2401218809    2.7930588241
   2.1492933504   -4.5068284941    1.8307335411
   3.1906143243   -4.5068284941    1.8307335411
   4.1288121033   -4.0550162563    1.8307335411
   2.1492933504   -4.5068284941    0.7626330581
   4.6162531359    1.1554097449    3.0136186115
   4.0955926489    2.0572201618    3.0136186115
   5.4513277199    1.1554097449    2.3476688530
   5.1534565541    2.1698657732    2.3476688530
   4.3544150471    2.8622391803    2.3476688530
   5.9147591512    1.1554097449    1.3853435700
   5.6830434356    2.1706226279    1.3853435700
   5.0337904279    2.9847601486    1.3853435700
   4.0955926489    3.4365723864    1.3853435700
   5.9147591512    1.1554097449    0.3172430870
   5.6830434356    2.1706226279    0.3172430870
   5.0337904279    2.9847601486    0.3172430870
   5.4513277199    1.1554097449   -0.6450821959
   5.1534565541    2.1698657732   -0.6450821959
  -1.8802560062    2.9916275881    3.1332995054
  -1.3595955193    3.8934380050    2.8956247883
  -2.4009164932    3.8934380050    2.8956247883
  -2.9215769801    2.9916275881    2.8956247883
  -2.4009164932    2.0898171712    2.8956247883
  -1.3595955193    2.0898171712    2.8956247883
  -2.1472949366    4.8489241448    2.2296750298
  -3.1090337785    4.4097127323    2.2296750298
  -3.6806443598    3.5202693063    2.2296750298
  -3.6806443598    2.4629858699    2.2296750298
  -3.1090337785    1.5735424439    2.2296750298
  -2.4009164932    5.2727902296    1.2673497469
  -3.3391142721    4.8209779918    1.2673497469
  -3.9883672798    4.0068404711    1.2673497469
  -4.2200829955    2.9916275881    1.2673497469
  -3.9883672798    4.0068404711    0.1992492639
   0.2833272018    4.2927000677    2.3768174162
   0.5421496000    5.0977190863    1.7108676577
  -0.5043722155    5.2481862075    1.7108676577
   1.2215249808    5.2202400546    0.7485423748
   0.2833272018    5.6720522923    0.7485423748
   1.2215249808    5.2202400546   -0.3195581082
   0.2833272018    5.6720522923   -0.3195581082
   1.3411911070    4.4053456792   -1.2818833912
   0.5421496000    5.0977190863   -1.2818833912
  -2.0351474495    5.4072705453   -1.5138438367
  -2.9733452285    4.9554583076   -1.5138438367
  -3.6225982362    4.1413207868   -1.5138438367
   0.0640374295    4.1405639321   -2.4761691197
  -0.7350040775    4.8329373393   -2.4761691197
  -1.7815258929    4.9834044605   -2.4761691197
  -2.7432647348    4.5441930481   -2.4761691197
  -3.3148753161    3.6547496220   -2.4761691197
  -0.4731659887    3.1261079038   -3.1421188782
  -0.9938264756    4.0279183207   -3.1421188782
  -2.0351474495    4.0279183207   -3.1421188782
  -2.5558079365    3.1261079038   -3.1421188782
  -2.0351474495    2.2242974870   -3.1421188782
  -0.9938264756    2.2242974870   -3.1421188782
  -1.5144869626    3.1261079038   -3.3797935952
  -2.3230686849   -4.6364514514    0.8417571363
  -3.5148880204   -4.6085052984   -0.1205681467
  -2.5766902415   -5.0603175362   -0.1205681467
  -1.5353692676   -5.0603175362   -0.1205681467
  -3.5148880204   -4.6085052984   -1.1886686297
  -2.5766902415   -5.0603175362   -1.1886686297
  -1.5353692676   -5.0603175362   -1.1886686297
  -2.3230686849   -4.6364514514   -2.1509939126
  -1.2765468694   -4.4859843301   -2.1509939126
  -1.5353692676   -3.6809653116   -2.8169436711
  -3.2428208550   -1.6899764679    2.4775297444
  -3.7634813419   -0.7881660510    2.2398550274
  -4.2841418289   -1.6899764679    2.2398550274
  -3.7634813419   -2.5917868847    2.2398550274
  -2.7221603681   -2.5917868847    2.2398550274
  -4.4715986272   -0.2718913236    1.5739052689
  -5.0432092085   -1.1613347497    1.5739052689
  -5.0432092085   -2.2186181860    1.5739052689
  -4.4715986272   -3.1080616121    1.5739052689
  -3.5098597854   -3.5472730246    1.5739052689
  -5.3509321286   -0.6747635849    0.6115799859
  -5.5826478442   -1.6899764679    0.6115799859
  -5.3509321286   -2.7051893508    0.6115799859
  -4.7016791209   -3.5193268716    0.6115799859
  -5.3509321286   -0.6747635849   -0.4565204970
  -5.5826478442   -1.6899764679   -0.4565204970
  -5.3509321286   -2.7051893508   -0.4565204970
  -4.9865618693   -0.5411923690   -2.1682470983
  -5.2182775849   -1.5564052519   -2.1682470983
  -4.9865618693   -2.5716181349   -2.1682470983
  -4.1072283679   -0.1383201077   -3.1305723813
  -4.6788389492   -1.0277635338   -3.1305723813
  -4.6788389492   -2.0850469701   -3.1305723813
  -4.1072283679   -2.9744903962   -3.1305723813
  -3.1454895260   -3.4137018086   -3.1305723813
  -1.8371296218   -1.5564052519   -3.7965221398
  -2.3577901087   -0.6545948351   -3.7965221398
  -3.3991110826   -0.6545948351   -3.7965221398
  -3.9197715696   -1.5564052519   -3.7965221398
  -3.3991110826   -2.4582156688   -3.7965221398
  -2.3577901087   -2.4582156688   -3.7965221398
  -2.8784505957   -1.5564052519   -4.0341968569
