   0.0338173939
   0.0179815542
   0.0266517989
   0.0245216036
   0.0143243337
   0.0341972959
   0.0046435765
   0.0188702849
   0.0070142153
   0.0145713683
   0.0154817392
   0.0027019961
   0.0285662893
  -0.0015439765
   0.0197879337
   0.0024400818
   0.0078880420
  -0.0122342749
  -0.0212612430
  -0.0242902928
  -0.0091360702
   0.0014140204
   0.0005495104
  -0.0303585203
  -0.0323580345
  -0.0273086987
  -0.0361710098
  -0.0118321785
  -0.0313579765
  -0.0244604547
  -0.0049628817
  -0.0217624662
  -0.0118587261
  -0.0072110367
   0.0003416912
  -0.0001903614
   0.0055406887
   0.0023565089
  -0.0023601221
   0.0057966413
   0.0025931262
   0.0056860087
   0.0062743887
   0.0045664076
   0.0068993033
   0.0044126456
   0.0071984306
   0.0150047738
   0.0067057150
  -0.0096213582
   0.0038333909
   0.0106117808
   0.0045642836
  -0.0193000399
  -0.0173987809
  -0.0359279738
  -0.0337096455
  -0.0336938450
  -0.0448243824
  -0.0437767633
  -0.0311276405
  -0.0426397551
  -0.0478711899
  -0.0446024960
  -0.0320088911
  -0.0447453901
  -0.0457924902
  -0.0368523224
  -0.0249126391
  -0.0162228766
  -0.0374831126
  -0.0392507067
  -0.0254159243
   0.0063846858
   0.0025773762
   0.0005579119
   0.0076902444
  -0.0003664747
   0.0014046218
   0.0115908620
   0.0018156707
  -0.0078216873
   0.0144455157
   0.0055980060
   0.0006615822
  -0.0147441338
  -0.0325904984
  -0.0394521891
  -0.0219822288
  -0.0500174909
  -0.0506562788
  -0.0404744585
  -0.0499194753
  -0.0547430901
  -0.0547881937
  -0.0494558910
  -0.0452790666
  -0.0536744019
  -0.0542101517
  -0.0470233672
  -0.0260921357
  -0.0451310975
  -0.0483337313
  -0.0335475111
  -0.0341566096
   0.0028683373
   0.0042859578
   0.0124411851
   0.0047484950
   0.0049749527
   0.0168092771
   0.0051523496
  -0.0010910895
   0.0107441478
   0.0106818609
   0.0083763229
   0.0052034953
  -0.0060215998
   0.0053338976
   0.0051810982
   0.0005522189
  -0.0020516108
  -0.0091862804
   0.0164055458
   0.0263159152
  -0.0083642888
   0.0135458604
   0.0225272418
   0.0220840991
   0.0205794372
   0.0131203944
   0.0033539059
   0.0164413065
   0.0169125743
   0.0304373451
   0.0329165294
   0.0403269109
   0.0291693011
   0.0344256398
   0.0422443983
   0.0304902266
   0.0331101557
   0.0402836319
   0.0299143899
   0.0300356198
   0.0371023834
   0.0210578581
   0.0249159467
   0.0251482747
   0.0175128203
   0.0144870002
   0.0205188862
   0.0131813051
  -0.0050830632
   0.0037906932
   0.0163138602
   0.0246834911
  -0.0150784604
   0.0122137124
   0.0282723825
   0.0365288097
   0.0249383050
   0.0406079814
   0.0407735693
   0.0327248268
   0.0188073352
   0.0513528346
   0.0393463228
   0.0308254720
   0.0155109771
   0.0329252933
   0.0190889121
   0.0065544745
   0.0046533310
   0.0072590816
   0.0068472901
   0.0023213537
   0.0053594475
   0.0096678932
   0.0072325861
   0.0001406929
  -0.0135272138
  -0.0118397535
   0.0056804988
  -0.0086554773
   0.0008932450
  -0.0198458066
   0.0034759093
  -0.0041880691
   0.0080224888
  -0.0018562184
   0.0083041344
  -0.0047450410
   0.0054556913
   0.0081354347
  -0.0062086561
   0.0062494065
   0.0087011539
   0.0060431520
  -0.0056415500
  -0.0350332415
   0.0058521136
   0.0077466014
   0.0030840086
  -0.0084500019
   0.0035545805
   0.0048388239
  -0.0011394314
  -0.0159802146
   0.0010031042
  -0.0112971646
   0.0027205472
  -0.0071344512
  -0.0135395046
   0.0028498048
  -0.0058249930
   0.0021966312
   0.0019323087
   0.0000395964
  -0.0025625051
   0.0032877658
   0.0001173435
  -0.0325003410
  -0.0078738661
   0.0020767305
   0.0032444140
  -0.0148610463
   0.0002265228
  -0.0204149563
  -0.0324478068
  -0.0111000746
   0.0006747023
   0.0041461834
   0.0018161137
  -0.0018396824
  -0.0030974998
   0.0032800600
   0.0017773330
   0.0027598311
   0.0255007261
   0.0271677192
   0.0227562212
   0.0218421185
   0.0249896022
   0.0280252593
   0.0196232978
   0.0135019876
   0.0052938229
   0.0155286578
   0.0066361812
   0.0117828092
   0.0246987910
   0.0116647683
   0.0022765630
   0.0227030126
   0.0085392520
   0.0270667729
   0.0173318704
   0.0146684106
   0.0018490453
   0.0057456538
  -0.0069631180
  -0.0127389345
  -0.0156037382
  -0.0068178389
   0.0004638890
  -0.0189618116
  -0.0214266296
  -0.0140228037
  -0.0247029312
  -0.0162341558
  -0.0239811715
  -0.0079977397
  -0.0198456410
  -0.0151847037
  -0.0026958959
  -0.0131438301
  -0.0074369792
  -0.0042926932
  -0.0005241405
  -0.0025090220
   0.0031866733
   0.0012628716
  -0.0016946327
   0.0039321576
   0.0034526587
   0.0037002553
   0.0038111100
   0.0044680618
   0.0038816013
   0.0037273274
   0.0036424282
  -0.0072474310
   0.0011477086
   0.0064060851
  -0.0102960245
   0.0009723408
  -0.0125909477
  -0.0128536785
  -0.0251822743
  -0.0219909113
  -0.0251313767
  -0.0330570221
  -0.0312456355
  -0.0350429362
  -0.0363643473
  -0.0309729496
  -0.0343369161
  -0.0369931890
  -0.0324833139
  -0.0330729259
  -0.0343053927
  -0.0257387621
  -0.0173113519
  -0.0269896980
  -0.0282986582
  -0.0183695169
   0.0048995453
   0.0011483996
  -0.0005048383
   0.0037351217
   0.0064935134
  -0.0022270568
   0.0008004390
   0.0064330455
   0.0004557511
  -0.0056658500
   0.0033090484
   0.0077181850
   0.0016452930
  -0.0026641914
  -0.0217961939
  -0.0279118314
  -0.0152380664
  -0.0367091848
  -0.0378213524
  -0.0280997872
  -0.0315822791
  -0.0411963606
  -0.0433145280
  -0.0408098323
  -0.0348244372
  -0.0428256376
  -0.0445692841
  -0.0424732727
  -0.0335293951
  -0.0417820090
  -0.0421675123
  -0.0341466318
  -0.0200100933
  -0.0338693083
  -0.0364050775
  -0.0255477064
   0.0021703000
   0.0026154317
   0.0070651664
   0.0031039616
   0.0031956836
   0.0100816778
   0.0034846391
  -0.0034571838
   0.0021638589
   0.0078886327
   0.0076105794
  -0.0041779670
  -0.0065971291
   0.0020125689
  -0.0062705697
   0.0010123393
   0.0026852455
  -0.0185334790
   0.0056199970
   0.0165818606
   0.0228593780
   0.0215487573
  -0.0014292301
   0.0119559917
   0.0183733607
   0.0177239476
   0.0171702584
   0.0122112817
   0.0040420720
   0.0048788408
   0.0137135903
   0.0128317453
   0.0266765834
   0.0281675209
   0.0327724524
   0.0254434202
   0.0294327663
   0.0352088755
   0.0263447141
   0.0293057763
   0.0344736748
   0.0265344859
   0.0277921028
   0.0327164354
   0.0255873010
   0.0260190497
   0.0173977677
   0.0212210877
   0.0217305333
   0.0164257937
   0.0123289674
   0.0130032011
   0.0176647285
   0.0035596462
  -0.0003457869
   0.0073891923
   0.0151837854
   0.0210397593
  -0.0107439881
   0.0062569178
   0.0168397474
  -0.0118852544
   0.0296562071
   0.0219413586
   0.0328750270
   0.0337241835
   0.0272850993
   0.0174415463
   0.0409978924
   0.0345229033
   0.0284306841
   0.0199927352
   0.0038182890
   0.0318500126
   0.0247357968
   0.0131560385
   0.0263808648
   0.0040840749
   0.0026695981
   0.0044829742
   0.0049485534
   0.0020940251
   0.0015536772
   0.0034388533
   0.0063484665
   0.0056562243
   0.0021824263
  -0.0048187216
  -0.0115333116
   0.0038425750
  -0.0032894362
  -0.0170038594
  -0.0050905524
  -0.0290089764
  -0.0011007559
  -0.0091008955
   0.0032388699
   0.0070001705
  -0.0127024683
   0.0020123032
   0.0068849835
  -0.0045886265
   0.0042794644
  -0.0036812673
   0.0024335332
   0.0073317099
   0.0038627331
  -0.0048556988
  -0.0253889887
   0.0037779249
   0.0057505094
   0.0046028721
  -0.0015289417
  -0.0158334618
   0.0037447141
   0.0047425213
   0.0028167717
  -0.0046505952
  -0.0063628787
   0.0021171083
   0.0020013227
  -0.0056585719
  -0.0201491948
  -0.0044429763
  -0.0191833951
  -0.0000513685
  -0.0070373379
  -0.0266273067
  -0.0014446149
  -0.0111816380
  -0.0012290737
  -0.0083806697
   0.0001372136
   0.0002527144
   0.0000790821
  -0.0048766595
  -0.0007781737
   0.0006055881
  -0.0014461466
  -0.0133675330
  -0.0028820836
   0.0010151035
   0.0003098993
  -0.0207034085
  -0.0058244785
   0.0001999015
   0.0020071915
  -0.0075727005
  -0.0265808253
  -0.0082621172
   0.0002956638
  -0.0248321833
  -0.0150864688
  -0.0045033433
   0.0006778249
   0.0012960937
   0.0001256485
  -0.0018858848
  -0.0053790817
  -0.0012302777
   0.0011312931
  -0.0000666601
   0.0002734999
   0.0219332112
   0.0226835110
   0.0218036904
   0.0194417715
   0.0056454458
   0.0147368198
   0.0197633894
   0.0214563917
   0.0210222934
   0.0225501727
   0.0161850790
   0.0124131856
   0.0057222776
   0.0130373729
   0.0072807333
   0.0061582201
   0.0101615639
   0.0196234778
   0.0096984467
   0.0027664679
   0.0104373570
   0.0188090835
   0.0068527454
   0.0091209986
   0.0204803489
   0.0124847123
   0.0116312394
   0.0021152205
   0.0048477983
  -0.0034827195
  -0.0073103516
  -0.0099386531
  -0.0045241927
   0.0009265932
  -0.0117370199
  -0.0142464102
  -0.0081615632
  -0.0079282812
  -0.0164834324
  -0.0053120923
  -0.0159457826
  -0.0107850525
  -0.0156342766
  -0.0047861086
  -0.0125497872
  -0.0096247139
  -0.0008619461
  -0.0078448702
  -0.0045864710
  -0.0022845475
  -0.0002696648
  -0.0026179978
   0.0019980504
   0.0013810813
  -0.0008464860
   0.0030220680
   0.0040705940
   0.0030116488
   0.0032548616
   0.0043984958
   0.0033296293
   0.0024080949
   0.0019284937
  -0.0053036020
  -0.0032056459
   0.0001015567
   0.0040719047
  -0.0082832867
  -0.0005435273
  -0.0081329220
  -0.0188689525
  -0.0149110961
  -0.0223528590
  -0.0259709897
  -0.0218750482
  -0.0284593353
  -0.0278808138
  -0.0210541371
  -0.0283151068
  -0.0287130719
  -0.0229643331
  -0.0269252773
  -0.0258149586
  -0.0165269589
  -0.0117300505
  -0.0205287785
  -0.0214286096
  -0.0136159563
   0.0034321665
   0.0003393205
  -0.0009078008
   0.0017665510
   0.0032317373
  -0.0026468059
   0.0000037927
   0.0036994509
  -0.0043921944
   0.0016518565
   0.0039604962
  -0.0004894892
  -0.0039078238
  -0.0158284351
  -0.0216129978
  -0.0112293853
  -0.0258564591
  -0.0307100654
  -0.0277007848
  -0.0305867995
  -0.0348742227
  -0.0346504355
  -0.0293008909
  -0.0325973257
  -0.0361619900
  -0.0358985719
  -0.0313076155
  -0.0319461807
  -0.0347097450
  -0.0318848971
  -0.0147686345
  -0.0265995992
  -0.0288610186
  -0.0196364919
   0.0015123086
   0.0016396336
   0.0043022151
   0.0023728864
   0.0021931079
   0.0019424691
  -0.0036345250
   0.0009428455
   0.0056257452
   0.0060745903
   0.0047270103
   0.0005935294
   0.0051527825
  -0.0028924183
  -0.0001185480
  -0.0061177058
  -0.0050950322
   0.0000914172
  -0.0008398306
   0.0007506965
  -0.0005725936
   0.0007845612
  -0.0016020399
  -0.0119930485
  -0.0114514589
   0.0063339972
   0.0151021775
   0.0193407811
   0.0004492614
   0.0107400915
   0.0161407219
   0.0151171007
   0.0147237896
   0.0096284970
   0.0013601644
   0.0020134861
   0.0108524004
   0.0100766350
   0.0249048685
   0.0291859831
   0.0258578410
   0.0306571740
   0.0232810070
   0.0257197114
   0.0300916289
   0.0233611653
   0.0245150616
   0.0285246074
   0.0226175672
   0.0148315273
   0.0190326809
   0.0139876377
   0.0096419205
   0.0101521728
   0.0149713890
  -0.0030944062
  -0.0009933495
   0.0069228445
   0.0136480957
   0.0190895306
  -0.0072722774
   0.0065082335
   0.0254780589
   0.0180512265
   0.0291186580
   0.0235058932
   0.0156220459
   0.0298754792
   0.0244213219
   0.0174239241
   0.0049481653
   0.0275554729
   0.0213620067
   0.0121128155
   0.0025685735
   0.0031027953
   0.0031968625
   0.0003017770
   0.0000873673
   0.0022361143
   0.0044478395
   0.0020254615
  -0.0030202580
  -0.0102911673
   0.0037040155
  -0.0015596156
  -0.0109442192
  -0.0020866788
  -0.0116519967
   0.0004905501
   0.0046449011
  -0.0007486700
   0.0043688094
  -0.0066679630
   0.0018908244
   0.0037126008
  -0.0020418532
  -0.0147331553
   0.0040819232
   0.0035837768
  -0.0003138716
  -0.0095753639
   0.0023400388
   0.0030744738
   0.0009432765
  -0.0063840906
  -0.0079243722
   0.0008591559
   0.0003000120
  -0.0019030170
  -0.0078078543
   0.0005597123
  -0.0028661233
  -0.0108850314
  -0.0000399951
  -0.0044291253
  -0.0146105350
  -0.0087423353
  -0.0010034858
  -0.0060460420
  -0.0022532054
  -0.0007001058
  -0.0025401449
  -0.0200962599
  -0.0080867761
  -0.0019624516
  -0.0001659194
  -0.0015546629
  -0.0121439146
  -0.0036252780
  -0.0000891287
  -0.0156774115
  -0.0045632510
  -0.0208234526
  -0.0098622456
  -0.0028728057
   0.0000389416
  -0.0003350431
  -0.0009556762
  -0.0030475799
  -0.0067575085
  -0.0027731673
  -0.0002983627
  -0.0012426051
  -0.0011691527
   0.0190069135
   0.0192549735
   0.0188554475
   0.0173309488
   0.0136781136
   0.0177520505
  -0.0110046818
   0.0050282513
   0.0126705145
   0.0169566349
   0.0182814357
   0.0178513262
   0.0185824516
   0.0134577348
   0.0112176605
   0.0057497127
   0.0109627493
   0.0063079968
   0.0055487693
   0.0090009497
   0.0161283285
   0.0084610870
   0.0032295713
   0.0094600244
   0.0158893346
   0.0060697740
   0.0257898020
   0.0080165283
   0.0161732965
   0.0096904645
   0.0095878586
   0.0024334816
   0.0043622830
  -0.0012510602
  -0.0038552058
  -0.0062308817
  -0.0027557187
   0.0015344605
  -0.0070998731
  -0.0094800288
  -0.0059646640
  -0.0025033474
  -0.0103898899
  -0.0098913516
   0.0001819562
  -0.0098025267
  -0.0110324671
  -0.0017908022
  -0.0102399599
  -0.0102232934
  -0.0059201494
  -0.0103488102
  -0.0024935547
  -0.0079120577
  -0.0061364456
   0.0003374373
  -0.0045835785
  -0.0027668363
  -0.0009892222
   0.0002144575
   0.0013418079
   0.0022935590
   0.0015944510
  -0.0002270955
   0.0023597591
   0.0043116857
   0.0026222198
   0.0031142611
   0.0040819793
   0.0022561544
   0.0026910710
   0.0019067652
   0.0009455173
  -0.0038244622
  -0.0011334284
  -0.0003358590
   0.0025677386
  -0.0080852651
  -0.0012144390
  -0.0051665135
  -0.0134916403
  -0.0094809337
  -0.0134219960
  -0.0184481065
  -0.0189549225
  -0.0133727576
  -0.0200349321
  -0.0224634903
  -0.0201813114
  -0.0119785824
  -0.0225609052
  -0.0234118348
  -0.0202044829
  -0.0118317969
  -0.0228988365
  -0.0220240796
  -0.0160639596
  -0.0175396982
  -0.0210434036
  -0.0188288527
  -0.0110806479
  -0.0086169971
  -0.0155550604
  -0.0159570225
  -0.0103680232
   0.0022340883
  -0.0002641081
  -0.0011625506
   0.0005707747
   0.0012450075
   0.0021057772
  -0.0035928437
   0.0005910361
   0.0017159613
  -0.0016715610
  -0.0043003414
  -0.0159755770
  -0.0225024101
  -0.0230821687
  -0.0177658793
  -0.0264018115
  -0.0280241483
  -0.0258385776
  -0.0254546698
  -0.0292521297
  -0.0300623213
  -0.0282350555
  -0.0241023018
  -0.0289155819
  -0.0300120953
  -0.0280178579
  -0.0233348660
  -0.0274176721
  -0.0271736830
  -0.0121408437
  -0.0208613883
  -0.0225819995
  -0.0155317947
   0.0009914966
   0.0009259519
   0.0026767446
   0.0017719978
   0.0013816930
   0.0006976725
  -0.0031503641
   0.0002686120
   0.0040092080
   0.0045234977
   0.0038996532
   0.0017284087
   0.0043020339
   0.0035961595
   0.0006618422
  -0.0062779066
   0.0032493923
  -0.0017316022
  -0.0000340878
  -0.0054191547
  -0.0053676215
  -0.0018260787
  -0.0007746749
  -0.0006156557
  -0.0133433848
  -0.0046328526
  -0.0011143005
  -0.0003152874
  -0.0007612365
  -0.0006429878
  -0.0023303830
  -0.0063662120
  -0.0090806254
  -0.0059216289
   0.0060967348
   0.0126838392
   0.0162076491
  -0.0000572062
   0.0085081316
   0.0133352232
   0.0125182369
   0.0122003115
   0.0078551405
   0.0012616182
   0.0016132840
   0.0086752564
   0.0081033755
   0.0220899595
   0.0251280120
   0.0228695757
   0.0267252833
   0.0207020212
   0.0230528903
   0.0267085179
   0.0209726255
   0.0225224049
   0.0258945159
   0.0206359481
   0.0215053740
   0.0244841544
   0.0128865700
   0.0166067644
   0.0123242588
   0.0085808979
   0.0089394387
   0.0129673808
  -0.0000557959
   0.0010074969
   0.0065489288
   0.0119199912
   0.0165093691
  -0.0004775563
   0.0079737357
   0.0142905524
  -0.0079884330
   0.0215799883
   0.0153315016
   0.0248361966
   0.0199115594
   0.0131864635
   0.0262760024
   0.0216075418
   0.0160009510
   0.0070986081
   0.0256930812
   0.0208442609
   0.0149108794
   0.0231375730
   0.0175332049
   0.0015660178
   0.0020727007
   0.0019769567
  -0.0002539226
  -0.0002633258
   0.0014064738
   0.0030716448
   0.0011529978
  -0.0026595926
  -0.0074191291
  -0.0078094619
   0.0033510163
   0.0002976491
  -0.0048961410
  -0.0135196839
  -0.0091753980
  -0.0025223835
  -0.0007236460
   0.0030121566
  -0.0030125125
   0.0022116384
  -0.0020633173
   0.0026141186
  -0.0051768117
   0.0011055059
   0.0027387127
  -0.0008598474
  -0.0083648617
   0.0015705056
   0.0027511841
   0.0020526744
  -0.0013940452
  -0.0088800650
   0.0013507134
   0.0017309821
  -0.0003541563
  -0.0061082306
  -0.0069493909
  -0.0002117709
  -0.0007712137
  -0.0085725279
  -0.0017794254
  -0.0058308423
  -0.0149162126
  -0.0010745445
  -0.0046311612
  -0.0122349050
  -0.0048230121
  -0.0123804947
  -0.0076814993
  -0.0016711448
  -0.0052985586
  -0.0028755262
  -0.0015564022
  -0.0027064525
  -0.0151429766
  -0.0073384907
  -0.0026696062
  -0.0011810368
  -0.0023672627
  -0.0157605368
  -0.0066247858
  -0.0022915423
  -0.0007564277
  -0.0207916356
  -0.0084544540
  -0.0027051003
  -0.0189034362
  -0.0083266286
  -0.0027031976
  -0.0157286434
  -0.0086002089
  -0.0033579834
  -0.0010257903
  -0.0012849016
  -0.0016045355
  -0.0034007723
  -0.0061977415
  -0.0033791476
  -0.0012982000
  -0.0017634871
  -0.0020489847
